GaussianMixture (60) with one-hot encoder with normalization
Score=4069.772172132773
Duration=5435.724346663
