GaussianMixture (30) with one-hot encoder with normalization
Score=8139.544344265546
Duration=1814.226984862
