GaussianMixture (80) with one-hot encoder with normalization
Score=3052.3291290995594
Duration=8891.728532267
