GaussianMixture (40) with one-hot encoder with normalization
Score=6104.658258199119
Duration=2788.677829532
