GaussianMixture (90) with one-hot encoder with normalization
Score=2713.181448087896
Duration=11625.973742715
