GaussianMixture (100) with one-hot encoder with normalization
Score=2441.863303279665
Duration=12777.292420437
