K-means (80) with one-hot encoder with normalization
Score=365.8395041984696
Duration=2843.095978621
