K-means (100) with one-hot encoder with normalization
Score=197.126534840126
Duration=3516.101870375
