K-means (70) with one-hot encoder with normalization
Score=487.2500268778508
Duration=2480.196751522
