K-means (60) with one-hot encoder with normalization
Score=760.2434287550872
Duration=2139.817159987
