K-means (20) with one-hot encoder with normalization
Score=4562.023772066879
Duration=739.491825297
