K-means (50) with one-hot encoder with normalization
Score=1014.2989684919021
Duration=1775.269853862
