K-means (30) with one-hot encoder with normalization
Score=2523.904568574377
Duration=1080.107399075
