K-means (40) with one-hot encoder with normalization
Score=2961.8241047913543
Duration=1429.234178146
