K-means (30) simple
Score=374962.2418958273
Duration=538.635203758
