K-means (20) simple
Score=795028.6677444499
Duration=381.519614201
