K-means (30) with one-hot encoder
Score=374963.2057284806
Duration=628.492676961
