K-means (20) with one-hot encoder with normalization
Score=5.512477052689253
Duration=467.247128525
