GaussianMixture (100) with one-hot encoder with normalization
Score=0.05864184755108417
Duration=9452.060132619
