Bisecting K-means (20) with one-hot encoder with normalization
Score=8.857494697352449
Duration=506.177613531
