GaussianMixture (40) with one-hot encoder with normalization
Score=0.14660461887771076
Duration=2026.049716333
