K-means (50) simple
Score=606.3685420150439
Duration=1218.861908538
