Bisecting K-means (80) with one-hot encoder with normalization
Score=13.941691367677404
Duration=1778.031726294
