Bisecting K-means (100) with one-hot encoder with normalization
Score=14.48039254193131
Duration=2165.318778686
