K-means (70) with one-hot encoder with normalization
Score=4.756622128870819
Duration=1586.597461245
