GaussianMixture (90) with one-hot encoder with normalization
Score=0.1348575655060487
Duration=7445.378367397
