K-means (70) with one-hot encoder
Score=466.1934081517335
Duration=1559.376549068
