Bisecting K-means (70) with one-hot encoder with normalization
Score=13.083036390239007
Duration=1567.085641769
