GaussianMixture (60) with one-hot encoder with normalization
Score=0.09773641258514104
Duration=3836.495340339
