K-means (90) with one-hot encoder with normalization
Score=4.407901770147693
Duration=2011.189166835
