K-means (70) simple
Score=466.19325697272177
Duration=1681.703710902
