Bisecting K-means (50) with one-hot encoder with normalization
Score=16.717111733929226
Duration=1173.524747163
