GaussianMixture (30) with one-hot encoder with normalization
Score=0.19547282517028208
Duration=1315.244916256
