Bisecting K-means (60) with one-hot encoder with normalization
Score=14.776863383877734
Duration=1361.131594462
