GaussianMixture (50) with one-hot encoder with normalization
Score=0.11728369510216834
Duration=2873.354172106
