K-means (80) with one-hot encoder with normalization
Score=4.448525376058372
Duration=1776.086742568
