GaussianMixture (20) with one-hot encoder with normalization
Score=0.2932092377554215
Duration=743.056496329
