K-means (90) simple
Score=538.7185884007569
Duration=1774.006552106
