GaussianMixture (70) with one-hot encoder with normalization
Score=0.08377406793012049
Duration=4934.065542179
