Bisecting K-means (90) with one-hot encoder with normalization
Score=13.962600986212275
Duration=1962.443723704
