K-means (50) with one-hot encoder with normalization
Score=5.923645877855369
Duration=1125.301766206
