GaussianMixture (80) with one-hot encoder with normalization
Score=0.07330230943885538
Duration=6054.620509646
