K-means (60) with one-hot encoder with normalization
Score=6.154421118629562
Duration=1378.721376253
