Bisecting K-means (40) with one-hot encoder with normalization
Score=13.691284625809638
Duration=934.888378974
