K-means (40) with one-hot encoder with normalization
Score=6.45572592987493
Duration=907.843712033
