Bisecting K-means (100) with one-hot encoder with normalization
Score=448.4686151150904
Duration=3524.550971894
