Bisecting K-means (20) with one-hot encoder with normalization
Score=3520.795209404406
Duration=793.596314017
