Bisecting K-means (80) with one-hot encoder with normalization
Score=575.9102565141137
Duration=2842.771511482
