Bisecting K-means (70) with one-hot encoder with normalization
Score=684.7502042309432
Duration=2509.28944881
