Bisecting K-means (50) with one-hot encoder with normalization
Score=1062.8226643714606
Duration=1815.145936027
