Bisecting K-means (30) with one-hot encoder with normalization
Score=2103.692239687063
Duration=1120.416655349
