Bisecting K-means (90) with one-hot encoder with normalization
Score=493.21041806599266
Duration=3196.980530802
