Bisecting K-means (60) with one-hot encoder with normalization
Score=836.3342938470117
Duration=2154.915725311
